SN2014ab useful values file

R.A. = 13:48:05.99, 
Decl. = +07:23:16.4 

RA: 207.0249583
Dec: 7.3878889